function z = MRR1_Ra1(x)
f(1)= -(8.2+0.0297*x(1) +0.305*x(2) + 0.00501*x(3) - 0.000388*x(1)^2 ...
    -.0053*x(2)^2 - 0.000003*x(3)^2 + 0.000791*x(1)*x(2) + ...
    0.000038*x(1)*x(3) - 0.000262*x(2)*x(3));

f(2)=(3.62+0.01005*x(1) + 0.0128*x(2) + 0.00156*x(3) - 0.000164*x(1)^2 ...
    -0.000901*x(2)^2 - 0.000002*x(3)^2 + 0.000336*x(1)*x(2) ...
    + 0.000023*x(1)*x(3) - 0.000101*x(2)*x(3));
f(3)	=	115.3 - 0.1055*x(1) - 0.934*x(2)- 0.2023*x(3) - 0.000024*x(1)*x(1) + 0.01633*x(2)*x(2) + 0.000150*x(3)*x(3)
- 0.00092*x(1)*x(2) + 0.000243*x(1)*x(3)- 0.000313*x(2)*x(3);

z=f(1)+f(2)+f(3);
end

% f(1)= x(1)+x(2)+x(3);
% f(2)= x(1)-x(2)+x(3);